IT	UP	TIME	CFG	KEYR	INIT	RUN	HASH	UBST
1	1	2	(25, 25, 50)	4096	1024	1	0.925375909787	0.931904716313
1	1	2	(25, 25, 50)	4096	1024	2	0.919501411161	0.955279044453
1	1	2	(25, 25, 50)	4096	1024	3	0.862554239859	0.942932292025
1	1	2	(25, 25, 50)	4096	1024	4	0.925562077822	0.906511369689
1	1	2	(25, 25, 50)	4096	1024	5	0.885366178081	0.951115496562
1	1	2	(25, 25, 50)	4096	1024	6	0.867102830715	0.932389096059
1	1	2	(25, 25, 50)	4096	1024	7	0.851156897839	0.969093439977
1	1	2	(25, 25, 50)	4096	1024	8	0.915433668197	0.953181257339
1	1	2	(25, 25, 50)	4096	1024	9	0.662851604266	0.960937424379
1	1	2	(25, 25, 50)	4096	1024	10	0.896121412298	0.938240813332
1	1	2	(20, 10, 70)	4096	1024	1	0.935335520451	1.00692160142
1	1	2	(20, 10, 70)	4096	1024	2	0.921605545591	0.97380938953
1	1	2	(20, 10, 70)	4096	1024	3	0.904401526538	0.83840476669
1	1	2	(20, 10, 70)	4096	1024	4	0.90326141311	0.961595480412
1	1	2	(20, 10, 70)	4096	1024	5	1.05658961205	0.887261689528
1	1	2	(20, 10, 70)	4096	1024	6	0.935222486048	0.953753752016
1	1	2	(20, 10, 70)	4096	1024	7	0.950330593186	0.903312057006
1	1	2	(20, 10, 70)	4096	1024	8	0.90274935866	0.95861780174
1	1	2	(20, 10, 70)	4096	1024	9	0.746663527498	0.914079836793
1	1	2	(20, 10, 70)	4096	1024	10	0.991722516407	0.962090380535
1	1	2	(50, 50, 0)	4096	1024	1	0.775097490663	0.90993642013
1	1	2	(50, 50, 0)	4096	1024	2	0.832567356364	0.92417581097
1	1	2	(50, 50, 0)	4096	1024	3	0.966447608978	0.949297074572
1	1	2	(50, 50, 0)	4096	1024	4	0.915130328923	0.918817271232
1	1	2	(50, 50, 0)	4096	1024	5	0.89954277561	0.944519544769
1	1	2	(50, 50, 0)	4096	1024	6	0.792714331518	0.984504012235
1	1	2	(50, 50, 0)	4096	1024	7	0.878595773185	0.892425973949
1	1	2	(50, 50, 0)	4096	1024	8	0.730299201998	0.966565746511
1	1	2	(50, 50, 0)	4096	1024	9	0.898303312888	0.911700304832
1	1	2	(50, 50, 0)	4096	1024	10	0.861138457548	0.92338786568
1	1	4	(25, 25, 50)	4096	1024	1	0.830786140967	0.954268906553
1	1	4	(25, 25, 50)	4096	1024	2	0.869612636198	0.960463751239
1	1	4	(25, 25, 50)	4096	1024	3	0.915457945084	0.932177661516
1	1	4	(25, 25, 50)	4096	1024	4	0.709417563983	0.977698204102
1	1	4	(25, 25, 50)	4096	1024	5	0.873832212016	0.932002680913
1	1	4	(25, 25, 50)	4096	1024	6	0.922760298932	0.96037250665
1	1	4	(25, 25, 50)	4096	1024	7	0.875493929225	0.895121516454
1	1	4	(25, 25, 50)	4096	1024	8	0.869018582233	0.923156063658
1	1	4	(25, 25, 50)	4096	1024	9	0.906216228803	0.891791324511
1	1	4	(25, 25, 50)	4096	1024	10	0.928734190102	0.941834798312
1	1	4	(20, 10, 70)	4096	1024	1	0.912136948645	0.977248229437
1	1	4	(20, 10, 70)	4096	1024	2	0.887560855274	0.938885688748
1	1	4	(20, 10, 70)	4096	1024	3	0.948582214848	0.965421497693
1	1	4	(20, 10, 70)	4096	1024	4	0.933494834522	0.909156407514
1	1	4	(20, 10, 70)	4096	1024	5	0.893697890945	0.844086827329
1	1	4	(20, 10, 70)	4096	1024	6	0.929107618495	0.933844450022
1	1	4	(20, 10, 70)	4096	1024	7	0.942829701152	0.976134830287
1	1	4	(20, 10, 70)	4096	1024	8	0.935359626172	0.920707594881
1	1	4	(20, 10, 70)	4096	1024	9	0.933020911737	0.943086341293
1	1	4	(20, 10, 70)	4096	1024	10	0.928802521374	1.00130134501
1	1	4	(50, 50, 0)	4096	1024	1	0.935673939756	0.931589119896
1	1	4	(50, 50, 0)	4096	1024	2	0.599203321218	0.950117958002
1	1	4	(50, 50, 0)	4096	1024	3	0.833504688785	0.9741286607
1	1	4	(50, 50, 0)	4096	1024	4	0.899732083084	0.946226368052
1	1	4	(50, 50, 0)	4096	1024	5	0.872126196235	0.95384983774
1	1	4	(50, 50, 0)	4096	1024	6	0.838097486914	0.942471164065
1	1	4	(50, 50, 0)	4096	1024	7	0.873000052463	0.940044892558
1	1	4	(50, 50, 0)	4096	1024	8	0.870570357219	0.989931838552
1	1	4	(50, 50, 0)	4096	1024	9	0.876936500454	0.906714372125
1	1	4	(50, 50, 0)	4096	1024	10	0.88761173183	0.978479647456
1	2	2	(25, 25, 50)	4096	1024	1	0.886454836174	1.01161074008
1	2	2	(25, 25, 50)	4096	1024	2	0.873816553414	0.882702187923
1	2	2	(25, 25, 50)	4096	1024	3	0.810444229223	0.965378259936
1	2	2	(25, 25, 50)	4096	1024	4	1.00976021799	1.00010510393
1	2	2	(25, 25, 50)	4096	1024	5	0.766084035814	0.978423715445
1	2	2	(25, 25, 50)	4096	1024	6	0.932612158475	0.973114997116
1	2	2	(25, 25, 50)	4096	1024	7	0.773394750824	0.966719616574
1	2	2	(25, 25, 50)	4096	1024	8	0.945810433982	1.01059104819
1	2	2	(25, 25, 50)	4096	1024	9	0.827966646751	0.96171398614
1	2	2	(25, 25, 50)	4096	1024	10	0.990582202938	0.84692819955
1	2	2	(20, 10, 70)	4096	1024	1	1.31670379033	1.01014033793
1	2	2	(20, 10, 70)	4096	1024	2	1.03922955022	1.2478431127
1	2	2	(20, 10, 70)	4096	1024	3	1.03485770557	0.978631872055
1	2	2	(20, 10, 70)	4096	1024	4	1.04570749769	0.958040149439
1	2	2	(20, 10, 70)	4096	1024	5	0.909504234451	0.988340672327
1	2	2	(20, 10, 70)	4096	1024	6	0.908818380775	0.98852162916
1	2	2	(20, 10, 70)	4096	1024	7	0.981429826037	0.903126915045
1	2	2	(20, 10, 70)	4096	1024	8	0.836929885979	0.981895602502
1	2	2	(20, 10, 70)	4096	1024	9	0.951963275392	0.943316538121
1	2	2	(20, 10, 70)	4096	1024	10	0.942346102693	1.03663832212
1	2	2	(50, 50, 0)	4096	1024	1	0.908440593205	0.992217759163
1	2	2	(50, 50, 0)	4096	1024	2	0.89342982934	0.978394533514
1	2	2	(50, 50, 0)	4096	1024	3	0.953965727098	0.989605218992
1	2	2	(50, 50, 0)	4096	1024	4	1.17357674212	0.917336762256
1	2	2	(50, 50, 0)	4096	1024	5	0.623365370535	1.02953942393
1	2	2	(50, 50, 0)	4096	1024	6	0.574739288267	0.98381696902
1	2	2	(50, 50, 0)	4096	1024	7	1.06971142104	1.04750025514
1	2	2	(50, 50, 0)	4096	1024	8	1.02129651787	0.971544546415
1	2	2	(50, 50, 0)	4096	1024	9	1.00379886614	1.0080345418
1	2	2	(50, 50, 0)	4096	1024	10	0.906672042761	1.09493045796
1	2	4	(25, 25, 50)	4096	1024	1	0.723243517907	1.0369740656
1	2	4	(25, 25, 50)	4096	1024	2	0.997789406804	0.991119000822
1	2	4	(25, 25, 50)	4096	1024	3	0.989097955044	0.996498410181
1	2	4	(25, 25, 50)	4096	1024	4	0.95940379285	0.948959050831
1	2	4	(25, 25, 50)	4096	1024	5	0.891121733459	1.0336056266
1	2	4	(25, 25, 50)	4096	1024	6	0.848342021531	0.991101757906
1	2	4	(25, 25, 50)	4096	1024	7	0.973433522715	0.991862645857
1	2	4	(25, 25, 50)	4096	1024	8	0.976466959298	0.889755716988
1	2	4	(25, 25, 50)	4096	1024	9	0.885233638948	0.960991421779
1	2	4	(25, 25, 50)	4096	1024	10	0.821140984341	0.975424191116
1	2	4	(20, 10, 70)	4096	1024	1	1.68694887852	1.00882763193
1	2	4	(20, 10, 70)	4096	1024	2	0.987351540424	1.04667103487
1	2	4	(20, 10, 70)	4096	1024	3	0.984937904769	0.919281918878
1	2	4	(20, 10, 70)	4096	1024	4	0.931287598777	0.972764551553
1	2	4	(20, 10, 70)	4096	1024	5	1.03198364259	1.06664804677
1	2	4	(20, 10, 70)	4096	1024	6	0.933358359143	1.03742679891
1	2	4	(20, 10, 70)	4096	1024	7	0.932124317592	0.988379462207
1	2	4	(20, 10, 70)	4096	1024	8	0.911277180777	1.05281287344
1	2	4	(20, 10, 70)	4096	1024	9	1.04349349201	0.999658383893
1	2	4	(20, 10, 70)	4096	1024	10	0.864631773437	0.970793920049
1	2	4	(50, 50, 0)	4096	1024	1	0.855205807462	1.0108825842
1	2	4	(50, 50, 0)	4096	1024	2	0.990459084685	0.990589807013
1	2	4	(50, 50, 0)	4096	1024	3	1.02298501865	0.94815469342
1	2	4	(50, 50, 0)	4096	1024	4	0.955466833837	0.972898672361
1	2	4	(50, 50, 0)	4096	1024	5	1.06003350637	1.02159106411
1	2	4	(50, 50, 0)	4096	1024	6	0.923187047902	0.952942090461
1	2	4	(50, 50, 0)	4096	1024	7	0.894172544524	1.02758125051
1	2	4	(50, 50, 0)	4096	1024	8	0.906502911116	1.00590678416
1	2	4	(50, 50, 0)	4096	1024	9	0.985096894245	1.03030228676
1	2	4	(50, 50, 0)	4096	1024	10	0.905960541037	0.988449661325
1	3	2	(25, 25, 50)	4096	1024	1	1.09076518993	0.993511225881
1	3	2	(25, 25, 50)	4096	1024	2	1.06213522381	0.977501779013
1	3	2	(25, 25, 50)	4096	1024	3	1.08627804542	0.96003300332
1	3	2	(25, 25, 50)	4096	1024	4	0.92375502154	1.03107747843
1	3	2	(25, 25, 50)	4096	1024	5	0.810329693124	0.98916355511
1	3	2	(25, 25, 50)	4096	1024	6	0.923577025866	0.91886421681
1	3	2	(25, 25, 50)	4096	1024	7	0.931447608654	1.02775167259
1	3	2	(25, 25, 50)	4096	1024	8	0.919723604825	0.970936791047
1	3	2	(25, 25, 50)	4096	1024	9	0.910070773175	1.07233223131
1	3	2	(25, 25, 50)	4096	1024	10	0.886627870016	1.04169184676
1	3	2	(20, 10, 70)	4096	1024	1	1.0324061362	0.961073619453
1	3	2	(20, 10, 70)	4096	1024	2	1.1867904579	1.00048611748
1	3	2	(20, 10, 70)	4096	1024	3	1.13483527293	0.99853458826
1	3	2	(20, 10, 70)	4096	1024	4	0.990126031355	1.02841391014
1	3	2	(20, 10, 70)	4096	1024	5	0.927652001875	1.04072652504
1	3	2	(20, 10, 70)	4096	1024	6	0.770979363278	0.933784354204
1	3	2	(20, 10, 70)	4096	1024	7	0.955094694343	1.02948010416
1	3	2	(20, 10, 70)	4096	1024	8	0.85441788721	1.02098234426
1	3	2	(20, 10, 70)	4096	1024	9	0.972783679457	1.05158524355
1	3	2	(20, 10, 70)	4096	1024	10	1.14428250832	1.05461774301
1	3	2	(50, 50, 0)	4096	1024	1	1.02055472595	1.02442035227
1	3	2	(50, 50, 0)	4096	1024	2	0.835201805291	0.990055416128
1	3	2	(50, 50, 0)	4096	1024	3	0.96579805348	0.939221856768
1	3	2	(50, 50, 0)	4096	1024	4	0.915428908014	0.968233396028
1	3	2	(50, 50, 0)	4096	1024	5	0.947372957653	0.987373346259
1	3	2	(50, 50, 0)	4096	1024	6	1.1122787727	0.958509955784
1	3	2	(50, 50, 0)	4096	1024	7	0.932612137693	1.01712879726
1	3	2	(50, 50, 0)	4096	1024	8	0.967457448765	1.0120040333
1	3	2	(50, 50, 0)	4096	1024	9	1.17039412124	0.951080624253
1	3	2	(50, 50, 0)	4096	1024	10	1.0641499877	1.02107126259
1	3	4	(25, 25, 50)	4096	1024	1	0.968279975772	1.03589277226
1	3	4	(25, 25, 50)	4096	1024	2	1.08225828313	0.993751778079
1	3	4	(25, 25, 50)	4096	1024	3	0.867648667504	1.08893033769
1	3	4	(25, 25, 50)	4096	1024	4	1.10256986323	0.967731217461
1	3	4	(25, 25, 50)	4096	1024	5	0.957668477066	1.00921458782
1	3	4	(25, 25, 50)	4096	1024	6	0.985817291204	1.00181013953
1	3	4	(25, 25, 50)	4096	1024	7	1.01532105504	0.968440712675
1	3	4	(25, 25, 50)	4096	1024	8	1.05159469715	1.01199013098
1	3	4	(25, 25, 50)	4096	1024	9	1.03746627895	1.09331101044
1	3	4	(25, 25, 50)	4096	1024	10	0.945068182331	1.030430169
1	3	4	(20, 10, 70)	4096	1024	1	0.947609870346	0.972213502878
1	3	4	(20, 10, 70)	4096	1024	2	0.691978247532	1.0359083473
1	3	4	(20, 10, 70)	4096	1024	3	0.912566920067	0.969911525077
1	3	4	(20, 10, 70)	4096	1024	4	0.871093660755	1.03549278956
1	3	4	(20, 10, 70)	4096	1024	5	0.966743994442	1.03003101538
1	3	4	(20, 10, 70)	4096	1024	6	0.957775802894	1.09646600862
1	3	4	(20, 10, 70)	4096	1024	7	0.808707221267	1.05113039209
1	3	4	(20, 10, 70)	4096	1024	8	0.999453346532	1.0778769758
1	3	4	(20, 10, 70)	4096	1024	9	0.861522831026	1.07026764468
1	3	4	(20, 10, 70)	4096	1024	10	1.23979286834	0.97843052674
1	3	4	(50, 50, 0)	4096	1024	1	0.898270916445	1.00202552337
1	3	4	(50, 50, 0)	4096	1024	2	1.00817064242	1.0170727062
1	3	4	(50, 50, 0)	4096	1024	3	0.992528850346	1.00012941569
1	3	4	(50, 50, 0)	4096	1024	4	0.925757404487	1.04174014083
1	3	4	(50, 50, 0)	4096	1024	5	0.936149904133	0.984405357504
1	3	4	(50, 50, 0)	4096	1024	6	1.231409324	1.00782856216
1	3	4	(50, 50, 0)	4096	1024	7	0.878274757579	1.04179754613
1	3	4	(50, 50, 0)	4096	1024	8	0.905137185525	1.01006192084
1	3	4	(50, 50, 0)	4096	1024	9	0.859127280752	0.988384833216
1	3	4	(50, 50, 0)	4096	1024	10	0.988733251569	0.997315057216
1	4	2	(25, 25, 50)	4096	1024	1	1.0096935267	1.01917073783
1	4	2	(25, 25, 50)	4096	1024	2	1.06037231581	0.956442858767
1	4	2	(25, 25, 50)	4096	1024	3	0.93558042381	1.0284874786
1	4	2	(25, 25, 50)	4096	1024	4	1.31983605992	0.945989494236
1	4	2	(25, 25, 50)	4096	1024	5	0.869026004288	0.958730389509
1	4	2	(25, 25, 50)	4096	1024	6	0.884788103577	1.00539888029
1	4	2	(25, 25, 50)	4096	1024	7	0.99122438767	1.02480626658
1	4	2	(25, 25, 50)	4096	1024	8	0.85501862236	0.960409724738
1	4	2	(25, 25, 50)	4096	1024	9	1.24892711718	0.902432715752
1	4	2	(25, 25, 50)	4096	1024	10	1.02047341435	1.1307736191
1	4	2	(20, 10, 70)	4096	1024	1	0.718796456265	1.10355723352
1	4	2	(20, 10, 70)	4096	1024	2	0.976179730829	1.03672491377
1	4	2	(20, 10, 70)	4096	1024	3	0.848787982331	1.1115824473
1	4	2	(20, 10, 70)	4096	1024	4	0.992036468878	1.01792606269
1	4	2	(20, 10, 70)	4096	1024	5	0.931895543861	1.04485808829
1	4	2	(20, 10, 70)	4096	1024	6	1.11613894173	0.991677605573
1	4	2	(20, 10, 70)	4096	1024	7	0.869889800803	0.818061005827
1	4	2	(20, 10, 70)	4096	1024	8	1.01121507542	1.07566599493
1	4	2	(20, 10, 70)	4096	1024	9	0.873605763182	0.997297759588
1	4	2	(20, 10, 70)	4096	1024	10	0.975733411301	1.01913194616
1	4	2	(50, 50, 0)	4096	1024	1	1.07066575814	0.939427784243
1	4	2	(50, 50, 0)	4096	1024	2	0.810948218291	1.0429650077
1	4	2	(50, 50, 0)	4096	1024	3	0.948620473256	0.946329392814
1	4	2	(50, 50, 0)	4096	1024	4	0.27013454687	0.999668077383
1	4	2	(50, 50, 0)	4096	1024	5	0.831043261532	0.993353870459
1	4	2	(50, 50, 0)	4096	1024	6	0.839332246079	1.03127610385
1	4	2	(50, 50, 0)	4096	1024	7	1.09288453929	1.05382476823
1	4	2	(50, 50, 0)	4096	1024	8	0.161267737507	1.03178984069
1	4	2	(50, 50, 0)	4096	1024	9	0.237450251015	1.03286080033
1	4	2	(50, 50, 0)	4096	1024	10	1.12296636387	0.954113464649
1	4	4	(25, 25, 50)	4096	1024	1	0.933215203486	1.01458339581
1	4	4	(25, 25, 50)	4096	1024	2	1.07339479051	1.0197979659
1	4	4	(25, 25, 50)	4096	1024	3	0.947690442904	1.0064089783
1	4	4	(25, 25, 50)	4096	1024	4	1.19110901971	1.03658787558
1	4	4	(25, 25, 50)	4096	1024	5	0.94707098421	0.984238072191
1	4	4	(25, 25, 50)	4096	1024	6	0.831713824881	1.01034680241
1	4	4	(25, 25, 50)	4096	1024	7	0.968641999587	1.00018283384
1	4	4	(25, 25, 50)	4096	1024	8	0.854946377302	1.03438094144
1	4	4	(25, 25, 50)	4096	1024	9	0.95342076721	1.01797960073
1	4	4	(25, 25, 50)	4096	1024	10	0.943350608608	1.0521392563
1	4	4	(20, 10, 70)	4096	1024	1	1.04449208138	1.04984204571
1	4	4	(20, 10, 70)	4096	1024	2	1.00035945355	1.07303274756
1	4	4	(20, 10, 70)	4096	1024	3	0.97431164735	1.0120449367
1	4	4	(20, 10, 70)	4096	1024	4	0.955297000552	0.957114321023
1	4	4	(20, 10, 70)	4096	1024	5	1.12304072083	0.997093503853
1	4	4	(20, 10, 70)	4096	1024	6	0.943684977133	0.993516056474
1	4	4	(20, 10, 70)	4096	1024	7	1.16436970966	1.03050603714
1	4	4	(20, 10, 70)	4096	1024	8	0.951344824856	1.06832438945
1	4	4	(20, 10, 70)	4096	1024	9	0.960971375071	0.956920440037
1	4	4	(20, 10, 70)	4096	1024	10	0.706324014783	0.966831580307
1	4	4	(50, 50, 0)	4096	1024	1	0.123978246304	0.991044553341
1	4	4	(50, 50, 0)	4096	1024	2	0.395671922303	1.03077924123
1	4	4	(50, 50, 0)	4096	1024	3	1.11700554901	1.06349067325
1	4	4	(50, 50, 0)	4096	1024	4	0.993293751551	1.04453197057
1	4	4	(50, 50, 0)	4096	1024	5	0.185479621997	1.0190718752
1	4	4	(50, 50, 0)	4096	1024	6	1.14957994233	1.0539288095
1	4	4	(50, 50, 0)	4096	1024	7	0.504746036739	1.12157632672
1	4	4	(50, 50, 0)	4096	1024	8	1.34406404382	1.04405077932
1	4	4	(50, 50, 0)	4096	1024	9	0.940992563327	0.989316015326
1	4	4	(50, 50, 0)	4096	1024	10	0.919313744788	0.969125621071
1	5	2	(25, 25, 50)	4096	1024	1	0.95404776334	1.0154273328
1	5	2	(25, 25, 50)	4096	1024	2	0.995216195823	1.01888418304
1	5	2	(25, 25, 50)	4096	1024	3	1.03539593018	0.997649171082
1	5	2	(25, 25, 50)	4096	1024	4	1.04634482279	0.980438224109
1	5	2	(25, 25, 50)	4096	1024	5	0.910128526984	0.871712493741
1	5	2	(25, 25, 50)	4096	1024	6	1.07844102809	0.887866641314
1	5	2	(25, 25, 50)	4096	1024	7	1.04064225221	1.0142077178
1	5	2	(25, 25, 50)	4096	1024	8	0.969348137124	1.01926457671
1	5	2	(25, 25, 50)	4096	1024	9	1.02871219168	1.03977840746
1	5	2	(25, 25, 50)	4096	1024	10	0.961732853997	1.00527907739
1	5	2	(20, 10, 70)	4096	1024	1	0.869856686018	1.06874858406
1	5	2	(20, 10, 70)	4096	1024	2	1.01864282294	1.022646412
1	5	2	(20, 10, 70)	4096	1024	3	0.868223435359	0.956605507801
1	5	2	(20, 10, 70)	4096	1024	4	0.933153159207	1.04402242043
1	5	2	(20, 10, 70)	4096	1024	5	0.968557444341	0.935339981383
1	5	2	(20, 10, 70)	4096	1024	6	1.13451111682	1.02852075565
1	5	2	(20, 10, 70)	4096	1024	7	1.10372087455	1.02993940865
1	5	2	(20, 10, 70)	4096	1024	8	1.46699850203	0.964851765654
1	5	2	(20, 10, 70)	4096	1024	9	1.14615638594	1.09157922401
1	5	2	(20, 10, 70)	4096	1024	10	0.92921621055	1.04569394696
1	5	2	(50, 50, 0)	4096	1024	1	0.959009075572	1.04983161596
1	5	2	(50, 50, 0)	4096	1024	2	1.05599358084	0.966155724138
1	5	2	(50, 50, 0)	4096	1024	3	0.180801637641	1.02415260837
1	5	2	(50, 50, 0)	4096	1024	4	1.003125603	0.990973012479
1	5	2	(50, 50, 0)	4096	1024	5	0.915192761392	0.96889931368
1	5	2	(50, 50, 0)	4096	1024	6	0.932649543791	1.00482024941
1	5	2	(50, 50, 0)	4096	1024	7	0.970863698973	1.04473890984
1	5	2	(50, 50, 0)	4096	1024	8	0.961683888179	1.05214336789
1	5	2	(50, 50, 0)	4096	1024	9	0.957159550349	0.982281360077
1	5	2	(50, 50, 0)	4096	1024	10	0.925456045329	0.996484302546
1	5	4	(25, 25, 50)	4096	1024	1	0.82949458566	0.812035219988
1	5	4	(25, 25, 50)	4096	1024	2	0.381944895724	0.907168587929
1	5	4	(25, 25, 50)	4096	1024	3	1.09748377833	1.06579717656
1	5	4	(25, 25, 50)	4096	1024	4	0.884303692521	1.03468269618
1	5	4	(25, 25, 50)	4096	1024	5	0.798331913287	1.04130423188
1	5	4	(25, 25, 50)	4096	1024	6	0.919237917472	1.08389003663
1	5	4	(25, 25, 50)	4096	1024	7	0.95713902958	1.02345587721
1	5	4	(25, 25, 50)	4096	1024	8	0.938522683569	0.975568071286
1	5	4	(25, 25, 50)	4096	1024	9	1.22524607345	0.991467427389
1	5	4	(25, 25, 50)	4096	1024	10	1.02339501975	0.965483441316
1	5	4	(20, 10, 70)	4096	1024	1	1.16754146785	1.04703915967
1	5	4	(20, 10, 70)	4096	1024	2	0.990499210313	1.02431933065
1	5	4	(20, 10, 70)	4096	1024	3	0.994292818998	1.04783441826
1	5	4	(20, 10, 70)	4096	1024	4	0.962922379528	1.02229540447
1	5	4	(20, 10, 70)	4096	1024	5	0.929403350876	0.970464463317
1	5	4	(20, 10, 70)	4096	1024	6	1.07192762502	1.11527535846
1	5	4	(20, 10, 70)	4096	1024	7	1.10102048118	1.03101360294
1	5	4	(20, 10, 70)	4096	1024	8	0.858741150724	1.06928395104
1	5	4	(20, 10, 70)	4096	1024	9	0.824482296262	1.08551170892
1	5	4	(20, 10, 70)	4096	1024	10	0.954795020087	1.08654603615
1	5	4	(50, 50, 0)	4096	1024	1	1.02502453958	0.753018545316
1	5	4	(50, 50, 0)	4096	1024	2	1.05859097705	1.01475619984
1	5	4	(50, 50, 0)	4096	1024	3	0.910361862004	1.01992166813
1	5	4	(50, 50, 0)	4096	1024	4	0.905646153868	1.08536457993
1	5	4	(50, 50, 0)	4096	1024	5	0.964371233915	0.986539253511
1	5	4	(50, 50, 0)	4096	1024	6	1.19378029348	1.0209531128
1	5	4	(50, 50, 0)	4096	1024	7	1.1702125295	1.0252018221
1	5	4	(50, 50, 0)	4096	1024	8	1.00170980545	1.02378289735
1	5	4	(50, 50, 0)	4096	1024	9	1.0812568259	1.06298130747
1	5	4	(50, 50, 0)	4096	1024	10	1.14185938173	1.03960772225
1	6	2	(25, 25, 50)	4096	1024	1	0.973596188327	0.984043664284
1	6	2	(25, 25, 50)	4096	1024	2	0.917845866174	1.00353395866
1	6	2	(25, 25, 50)	4096	1024	3	0.993416898861	0.987622306616
1	6	2	(25, 25, 50)	4096	1024	4	1.28924751717	1.00186702066
1	6	2	(25, 25, 50)	4096	1024	5	0.92549821105	1.05464004491
1	6	2	(25, 25, 50)	4096	1024	6	0.97609907065	1.02412371744
1	6	2	(25, 25, 50)	4096	1024	7	0.909636489428	1.02641521257
1	6	2	(25, 25, 50)	4096	1024	8	0.949320674168	1.03150531877
1	6	2	(25, 25, 50)	4096	1024	9	1.09290682105	1.03120396408
1	6	2	(25, 25, 50)	4096	1024	10	1.11518071735	0.987432117821
1	6	2	(20, 10, 70)	4096	1024	1	0.915423972265	0.979418619254
1	6	2	(20, 10, 70)	4096	1024	2	0.968971412876	0.961341700214
1	6	2	(20, 10, 70)	4096	1024	3	0.94673178144	1.03223651639
1	6	2	(20, 10, 70)	4096	1024	4	1.0027914333	1.02798986295
1	6	2	(20, 10, 70)	4096	1024	5	1.13610349284	0.933175678456
1	6	2	(20, 10, 70)	4096	1024	6	1.07202697168	1.01403437967
1	6	2	(20, 10, 70)	4096	1024	7	1.01624818368	1.0454184817
1	6	2	(20, 10, 70)	4096	1024	8	0.982551901	1.01256489624
1	6	2	(20, 10, 70)	4096	1024	9	1.02736016699	1.07911357054
1	6	2	(20, 10, 70)	4096	1024	10	1.16118323937	1.10920309159
1	6	2	(50, 50, 0)	4096	1024	1	0.135767437666	0.997076859129
1	6	2	(50, 50, 0)	4096	1024	2	0.953356341935	0.946956548505
1	6	2	(50, 50, 0)	4096	1024	3	1.03543501842	1.02075654676
1	6	2	(50, 50, 0)	4096	1024	4	0.170039777261	1.00230606358
1	6	2	(50, 50, 0)	4096	1024	5	0.952894770215	1.01394582576
1	6	2	(50, 50, 0)	4096	1024	6	0.900319668911	0.979421149579
1	6	2	(50, 50, 0)	4096	1024	7	1.11538919556	1.04215536797
1	6	2	(50, 50, 0)	4096	1024	8	0.919382253952	1.04250020571
1	6	2	(50, 50, 0)	4096	1024	9	0.172378506875	1.03094666592
1	6	2	(50, 50, 0)	4096	1024	10	0.355382096191	0.927898520179
1	6	4	(25, 25, 50)	4096	1024	1	1.05030479189	1.09746413784
1	6	4	(25, 25, 50)	4096	1024	2	1.04537898733	0.969324768699
1	6	4	(25, 25, 50)	4096	1024	3	1.09424173184	1.00499647583
1	6	4	(25, 25, 50)	4096	1024	4	0.958306870048	0.979151657505
1	6	4	(25, 25, 50)	4096	1024	5	0.956365869349	1.06261673163
1	6	4	(25, 25, 50)	4096	1024	6	1.19996238498	0.983960782127
1	6	4	(25, 25, 50)	4096	1024	7	1.0063070453	1.08010860041
1	6	4	(25, 25, 50)	4096	1024	8	0.732532380341	1.01825714607
1	6	4	(25, 25, 50)	4096	1024	9	1.07575170343	1.02001351705
1	6	4	(25, 25, 50)	4096	1024	10	1.07727522775	0.976173068713
1	6	4	(20, 10, 70)	4096	1024	1	0.899808622702	1.08720300653
1	6	4	(20, 10, 70)	4096	1024	2	1.00294334774	1.04030505732
1	6	4	(20, 10, 70)	4096	1024	3	1.0210394434	1.05974037871
1	6	4	(20, 10, 70)	4096	1024	4	0.909608090748	1.05100864114
1	6	4	(20, 10, 70)	4096	1024	5	0.92103711317	1.01040979342
1	6	4	(20, 10, 70)	4096	1024	6	0.986965563174	1.04414617339
1	6	4	(20, 10, 70)	4096	1024	7	0.911615425251	1.09386745639
1	6	4	(20, 10, 70)	4096	1024	8	0.925966993356	1.12043946979
1	6	4	(20, 10, 70)	4096	1024	9	1.02996419011	1.06766522038
1	6	4	(20, 10, 70)	4096	1024	10	1.03355850321	1.13455686571
1	6	4	(50, 50, 0)	4096	1024	1	0.978411732521	1.05647377353
1	6	4	(50, 50, 0)	4096	1024	2	1.03030469546	1.01976866709
1	6	4	(50, 50, 0)	4096	1024	3	0.30182804062	1.00652439581
1	6	4	(50, 50, 0)	4096	1024	4	0.973074462419	1.0639354103
1	6	4	(50, 50, 0)	4096	1024	5	0.938130500215	1.09174674323
1	6	4	(50, 50, 0)	4096	1024	6	1.01366936816	1.01590645911
1	6	4	(50, 50, 0)	4096	1024	7	0.140237000876	1.02053516663
1	6	4	(50, 50, 0)	4096	1024	8	0.98848163861	1.05683905527
1	6	4	(50, 50, 0)	4096	1024	9	0.999207433599	1.0655154969
1	6	4	(50, 50, 0)	4096	1024	10	1.06654780286	1.07209492009
1	7	2	(25, 25, 50)	4096	1024	1	0.921804887246	1.06872625472
1	7	2	(25, 25, 50)	4096	1024	2	1.05453576218	0.992634937828
1	7	2	(25, 25, 50)	4096	1024	3	0.910864610618	1.03332720758
1	7	2	(25, 25, 50)	4096	1024	4	0.900884699633	0.930827003287
1	7	2	(25, 25, 50)	4096	1024	5	0.98242878921	0.976887141781
1	7	2	(25, 25, 50)	4096	1024	6	0.980396507315	1.0174745481
1	7	2	(25, 25, 50)	4096	1024	7	0.924126100988	0.944331489025
1	7	2	(25, 25, 50)	4096	1024	8	1.07721433526	0.954309112649
1	7	2	(25, 25, 50)	4096	1024	9	0.989935584856	0.980211206939
1	7	2	(25, 25, 50)	4096	1024	10	0.942962272121	0.978166674959
1	7	2	(20, 10, 70)	4096	1024	1	1.14095921415	1.02660686729
1	7	2	(20, 10, 70)	4096	1024	2	1.03706489047	0.972298827309
1	7	2	(20, 10, 70)	4096	1024	3	0.946633293484	1.03212584784
1	7	2	(20, 10, 70)	4096	1024	4	1.0206268936	1.10231687793
1	7	2	(20, 10, 70)	4096	1024	5	1.07046963631	0.966676922941
1	7	2	(20, 10, 70)	4096	1024	6	0.966581993804	1.03913961631
1	7	2	(20, 10, 70)	4096	1024	7	1.01843834094	1.06496647075
1	7	2	(20, 10, 70)	4096	1024	8	0.903584196901	1.03435733461
1	7	2	(20, 10, 70)	4096	1024	9	0.248099069657	1.05843314188
1	7	2	(20, 10, 70)	4096	1024	10	0.904678375726	1.00619932018
1	7	2	(50, 50, 0)	4096	1024	1	1.05841938775	1.03435000696
1	7	2	(50, 50, 0)	4096	1024	2	0.900643504186	0.997583182367
1	7	2	(50, 50, 0)	4096	1024	3	0.954046149317	1.03528124276
1	7	2	(50, 50, 0)	4096	1024	4	0.890097495148	1.03863997214
1	7	2	(50, 50, 0)	4096	1024	5	0.554558135392	1.02260780605
1	7	2	(50, 50, 0)	4096	1024	6	0.659109841076	0.991765375017
1	7	2	(50, 50, 0)	4096	1024	7	0.92431140666	1.00249972396
1	7	2	(50, 50, 0)	4096	1024	8	0.184768140951	1.02102171632
1	7	2	(50, 50, 0)	4096	1024	9	0.819794351338	1.01589442871
1	7	2	(50, 50, 0)	4096	1024	10	1.12405441982	0.995820005649
1	7	4	(25, 25, 50)	4096	1024	1	1.01492119165	1.03116724429
1	7	4	(25, 25, 50)	4096	1024	2	0.97532389593	1.03826443758
1	7	4	(25, 25, 50)	4096	1024	3	1.07655552722	1.07403639725
1	7	4	(25, 25, 50)	4096	1024	4	1.14923609474	1.02453150665
1	7	4	(25, 25, 50)	4096	1024	5	1.05177853344	0.977305404529
1	7	4	(25, 25, 50)	4096	1024	6	0.989924085275	0.993563060552
1	7	4	(25, 25, 50)	4096	1024	7	1.01592473833	1.02016203176
1	7	4	(25, 25, 50)	4096	1024	8	1.08905478689	1.03869817141
1	7	4	(25, 25, 50)	4096	1024	9	1.01072222999	1.0460368112
1	7	4	(25, 25, 50)	4096	1024	10	1.00504985193	1.03928792794
1	7	4	(20, 10, 70)	4096	1024	1	1.09031413871	1.00985808704
1	7	4	(20, 10, 70)	4096	1024	2	1.06636136998	1.01455898702
1	7	4	(20, 10, 70)	4096	1024	3	1.02238752618	0.960462610347
1	7	4	(20, 10, 70)	4096	1024	4	1.09276047147	1.07586947109
1	7	4	(20, 10, 70)	4096	1024	5	0.969775311328	1.12902102653
1	7	4	(20, 10, 70)	4096	1024	6	1.02675482983	1.07221641517
1	7	4	(20, 10, 70)	4096	1024	7	0.933672346156	1.04580452199
1	7	4	(20, 10, 70)	4096	1024	8	1.03409397969	1.07772339317
1	7	4	(20, 10, 70)	4096	1024	9	1.00287542771	1.08944504726
1	7	4	(20, 10, 70)	4096	1024	10	1.00488544235	1.05198434156
1	7	4	(50, 50, 0)	4096	1024	1	0.959871863951	1.00331825886
1	7	4	(50, 50, 0)	4096	1024	2	0.997757655592	1.03298704349
1	7	4	(50, 50, 0)	4096	1024	3	0.444160779023	1.09152095621
1	7	4	(50, 50, 0)	4096	1024	4	0.812584789623	1.04946130614
1	7	4	(50, 50, 0)	4096	1024	5	0.878274416059	1.00382529484
1	7	4	(50, 50, 0)	4096	1024	6	0.959490073873	1.01135937507
1	7	4	(50, 50, 0)	4096	1024	7	1.13420428659	1.08711146926
1	7	4	(50, 50, 0)	4096	1024	8	0.989494120211	1.01781228336
1	7	4	(50, 50, 0)	4096	1024	9	1.07635602756	1.00957346792
1	7	4	(50, 50, 0)	4096	1024	10	1.03267402031	1.01490619469
2	1	2	(25, 25, 50)	4096	1024	1	0.659973943524	0.924836237028
2	1	2	(25, 25, 50)	4096	1024	2	0.658034021344	0.845991390902
2	1	2	(25, 25, 50)	4096	1024	3	0.832495233173	0.941892872814
2	1	2	(25, 25, 50)	4096	1024	4	0.800444971608	0.978011058523
2	1	2	(25, 25, 50)	4096	1024	5	0.735831747243	0.909424809116
2	1	2	(25, 25, 50)	4096	1024	6	0.78307290898	0.849097854505
2	1	2	(25, 25, 50)	4096	1024	7	0.811438937998	0.894478429093
2	1	2	(25, 25, 50)	4096	1024	8	0.839458665419	0.89102668308
2	1	2	(25, 25, 50)	4096	1024	9	0.83081728551	0.921478646954
2	1	2	(25, 25, 50)	4096	1024	10	0.822363744437	0.96134239825
2	1	2	(20, 10, 70)	4096	1024	1	0.829606403628	0.914784754573
2	1	2	(20, 10, 70)	4096	1024	2	0.867740074107	0.795586142419
2	1	2	(20, 10, 70)	4096	1024	3	0.863159539255	0.886995044149
2	1	2	(20, 10, 70)	4096	1024	4	0.842196048807	0.939081337638
2	1	2	(20, 10, 70)	4096	1024	5	0.943360850561	0.871852489757
2	1	2	(20, 10, 70)	4096	1024	6	0.879936036909	0.958340656405
2	1	2	(20, 10, 70)	4096	1024	7	0.894273378646	1.02512507682
2	1	2	(20, 10, 70)	4096	1024	8	0.927012731106	0.970536466205
2	1	2	(20, 10, 70)	4096	1024	9	0.921880651968	0.876532487579
2	1	2	(20, 10, 70)	4096	1024	10	0.655737854105	0.907082646413
2	1	2	(50, 50, 0)	4096	1024	1	0.640080779704	0.879875752576
2	1	2	(50, 50, 0)	4096	1024	2	0.856404320684	0.961328445859
2	1	2	(50, 50, 0)	4096	1024	3	0.904832740812	0.929198817653
2	1	2	(50, 50, 0)	4096	1024	4	0.270899034656	0.949554386363
2	1	2	(50, 50, 0)	4096	1024	5	0.875508208807	0.976818703834
2	1	2	(50, 50, 0)	4096	1024	6	0.89432651284	0.931944945676
2	1	2	(50, 50, 0)	4096	1024	7	0.701462671136	0.980688532472
2	1	2	(50, 50, 0)	4096	1024	8	0.660129501408	0.873804851566
2	1	2	(50, 50, 0)	4096	1024	9	0.447347163254	0.934025657502
2	1	2	(50, 50, 0)	4096	1024	10	0.873946760677	0.824191587689
2	1	4	(25, 25, 50)	4096	1024	1	0.832613246418	0.947378161079
2	1	4	(25, 25, 50)	4096	1024	2	0.907059027412	0.88501942659
2	1	4	(25, 25, 50)	4096	1024	3	0.859978658833	0.906118093944
2	1	4	(25, 25, 50)	4096	1024	4	0.63655415562	0.939152648569
2	1	4	(25, 25, 50)	4096	1024	5	0.862096289696	0.878625826979
2	1	4	(25, 25, 50)	4096	1024	6	0.675349355049	0.813697143438
2	1	4	(25, 25, 50)	4096	1024	7	0.796276716099	0.848007667242
2	1	4	(25, 25, 50)	4096	1024	8	0.805297933772	0.942441820459
2	1	4	(25, 25, 50)	4096	1024	9	0.923057718924	0.911378254537
2	1	4	(25, 25, 50)	4096	1024	10	0.922325834622	0.907127511091
2	1	4	(20, 10, 70)	4096	1024	1	0.885091813728	0.914181202557
2	1	4	(20, 10, 70)	4096	1024	2	0.894991093691	0.936053936153
2	1	4	(20, 10, 70)	4096	1024	3	0.897505048536	0.91374647386
2	1	4	(20, 10, 70)	4096	1024	4	0.840356600569	0.946837288013
2	1	4	(20, 10, 70)	4096	1024	5	0.912810880226	0.948280112661
2	1	4	(20, 10, 70)	4096	1024	6	0.898136957813	0.957636394236
2	1	4	(20, 10, 70)	4096	1024	7	0.853534800631	0.912422075414
2	1	4	(20, 10, 70)	4096	1024	8	0.70744779537	0.888811850319
2	1	4	(20, 10, 70)	4096	1024	9	0.872440210853	0.936412952109
2	1	4	(20, 10, 70)	4096	1024	10	0.841484811354	0.849688387062
2	1	4	(50, 50, 0)	4096	1024	1	0.507523183335	0.890037598741
2	1	4	(50, 50, 0)	4096	1024	2	0.863551223758	0.898986518555
2	1	4	(50, 50, 0)	4096	1024	3	0.850248346866	0.934033509347
2	1	4	(50, 50, 0)	4096	1024	4	0.881720159987	0.825726257467
2	1	4	(50, 50, 0)	4096	1024	5	0.826016916394	0.998801010938
2	1	4	(50, 50, 0)	4096	1024	6	0.909612084095	0.808972724574
2	1	4	(50, 50, 0)	4096	1024	7	0.731289065495	0.965987826392
2	1	4	(50, 50, 0)	4096	1024	8	0.736771678296	0.941883435573
2	1	4	(50, 50, 0)	4096	1024	9	0.818422110589	0.937123798693
2	1	4	(50, 50, 0)	4096	1024	10	0.879515652477	0.886788186614
2	2	2	(25, 25, 50)	4096	1024	1	1.05629558039	0.896993388126
2	2	2	(25, 25, 50)	4096	1024	2	0.770093822435	0.836287354467
2	2	2	(25, 25, 50)	4096	1024	3	0.932168490297	0.895415806175
2	2	2	(25, 25, 50)	4096	1024	4	0.86394807003	0.944674007093
2	2	2	(25, 25, 50)	4096	1024	5	0.852100420731	0.913903697076
2	2	2	(25, 25, 50)	4096	1024	6	0.75338171985	0.876462092407
2	2	2	(25, 25, 50)	4096	1024	7	0.872831450188	1.02511292671
2	2	2	(25, 25, 50)	4096	1024	8	0.883408085369	0.954113166742
2	2	2	(25, 25, 50)	4096	1024	9	0.66785335993	0.894329657357
2	2	2	(25, 25, 50)	4096	1024	10	0.980582093569	0.982119436566
2	2	2	(20, 10, 70)	4096	1024	1	0.855198597478	1.00115637352
2	2	2	(20, 10, 70)	4096	1024	2	1.01694768794	0.994716521862
2	2	2	(20, 10, 70)	4096	1024	3	0.909225202572	0.908820968489
2	2	2	(20, 10, 70)	4096	1024	4	0.772773618224	0.936844313701
2	2	2	(20, 10, 70)	4096	1024	5	1.10139049551	0.929031971523
2	2	2	(20, 10, 70)	4096	1024	6	1.1796103367	0.92939713589
2	2	2	(20, 10, 70)	4096	1024	7	0.776943023067	0.946199121222
2	2	2	(20, 10, 70)	4096	1024	8	0.92006884083	0.903375753162
2	2	2	(20, 10, 70)	4096	1024	9	1.0265964231	0.978808956027
2	2	2	(20, 10, 70)	4096	1024	10	0.601370029983	0.919449350519
2	2	2	(50, 50, 0)	4096	1024	1	0.849101308227	0.932958876811
2	2	2	(50, 50, 0)	4096	1024	2	1.24931972173	1.02233167485
2	2	2	(50, 50, 0)	4096	1024	3	0.816505843821	0.923461998612
2	2	2	(50, 50, 0)	4096	1024	4	0.944504594275	0.936663204372
2	2	2	(50, 50, 0)	4096	1024	5	0.848617593878	0.947209726453
2	2	2	(50, 50, 0)	4096	1024	6	0.829779208092	0.879201243745
2	2	2	(50, 50, 0)	4096	1024	7	0.848683272338	0.859589300765
2	2	2	(50, 50, 0)	4096	1024	8	0.76587669487	0.89062171173
2	2	2	(50, 50, 0)	4096	1024	9	0.789359440514	0.911709354468
2	2	2	(50, 50, 0)	4096	1024	10	1.13580406203	0.925602571636
2	2	4	(25, 25, 50)	4096	1024	1	0.721382755344	0.919238180709
2	2	4	(25, 25, 50)	4096	1024	2	1.05879712059	0.927140451338
2	2	4	(25, 25, 50)	4096	1024	3	0.781745359971	0.854435398532
2	2	4	(25, 25, 50)	4096	1024	4	0.828601647097	0.955810693467
2	2	4	(25, 25, 50)	4096	1024	5	0.894095739271	0.94466321909
2	2	4	(25, 25, 50)	4096	1024	6	0.940762327501	1.00691168304
2	2	4	(25, 25, 50)	4096	1024	7	0.605535572422	1.01563348567
2	2	4	(25, 25, 50)	4096	1024	8	0.910247257071	0.954139028457
2	2	4	(25, 25, 50)	4096	1024	9	0.825919006158	0.977947900127
2	2	4	(25, 25, 50)	4096	1024	10	0.780530527504	0.902550262461
2	2	4	(20, 10, 70)	4096	1024	1	1.52248972938	0.891361643678
2	2	4	(20, 10, 70)	4096	1024	2	0.757460356339	0.944613437069
2	2	4	(20, 10, 70)	4096	1024	3	1.06506377735	0.985942353921
2	2	4	(20, 10, 70)	4096	1024	4	1.0081572003	0.922329085475
2	2	4	(20, 10, 70)	4096	1024	5	0.697610744372	0.940297027599
2	2	4	(20, 10, 70)	4096	1024	6	0.890539649199	0.992340797061
2	2	4	(20, 10, 70)	4096	1024	7	0.772150676758	0.942558220606
2	2	4	(20, 10, 70)	4096	1024	8	0.932343828175	0.992223834801
2	2	4	(20, 10, 70)	4096	1024	9	0.654234048567	0.976043752043
2	2	4	(20, 10, 70)	4096	1024	10	0.978138102878	0.925219671134
2	2	4	(50, 50, 0)	4096	1024	1	0.882656690641	0.968827392996
2	2	4	(50, 50, 0)	4096	1024	2	0.858167508476	1.0044311299
2	2	4	(50, 50, 0)	4096	1024	3	0.784319081145	1.00232702186
2	2	4	(50, 50, 0)	4096	1024	4	0.88260407111	0.983010922154
2	2	4	(50, 50, 0)	4096	1024	5	0.806846646663	0.962615150213
2	2	4	(50, 50, 0)	4096	1024	6	0.838132769997	0.910106375003
2	2	4	(50, 50, 0)	4096	1024	7	0.98268393565	0.970121943998
2	2	4	(50, 50, 0)	4096	1024	8	0.928330788824	0.978959258239
2	2	4	(50, 50, 0)	4096	1024	9	1.05763844427	0.940653462754
2	2	4	(50, 50, 0)	4096	1024	10	0.96391109694	0.937313016565
2	3	2	(25, 25, 50)	4096	1024	1	0.738430538588	0.922333517202
2	3	2	(25, 25, 50)	4096	1024	2	1.37249898969	0.909308033818
2	3	2	(25, 25, 50)	4096	1024	3	0.901026753821	0.859201182932
2	3	2	(25, 25, 50)	4096	1024	4	0.901711130352	1.0457157488
2	3	2	(25, 25, 50)	4096	1024	5	0.949642588972	0.972033592417
2	3	2	(25, 25, 50)	4096	1024	6	1.0567755033	0.872527082283
2	3	2	(25, 25, 50)	4096	1024	7	0.555986771581	0.951171548396
2	3	2	(25, 25, 50)	4096	1024	8	1.03191006647	0.917875961524
2	3	2	(25, 25, 50)	4096	1024	9	0.722377454573	0.922798496055
2	3	2	(25, 25, 50)	4096	1024	10	0.82693621941	0.969822825068
2	3	2	(20, 10, 70)	4096	1024	1	0.92582600675	0.979581138324
2	3	2	(20, 10, 70)	4096	1024	2	0.846678901292	0.96392711002
2	3	2	(20, 10, 70)	4096	1024	3	0.830771441592	1.0006873967
2	3	2	(20, 10, 70)	4096	1024	4	0.857840192354	0.941292354809
2	3	2	(20, 10, 70)	4096	1024	5	0.655865614986	0.929164320439
2	3	2	(20, 10, 70)	4096	1024	6	0.912560297004	0.950837884048
2	3	2	(20, 10, 70)	4096	1024	7	0.917575618553	0.90968300152
2	3	2	(20, 10, 70)	4096	1024	8	1.08106223287	0.947215066555
2	3	2	(20, 10, 70)	4096	1024	9	0.86463572707	0.992116139361
2	3	2	(20, 10, 70)	4096	1024	10	0.852217801839	0.895989498958
2	3	2	(50, 50, 0)	4096	1024	1	0.839389025629	0.962332317745
2	3	2	(50, 50, 0)	4096	1024	2	0.906750867396	0.982842881444
2	3	2	(50, 50, 0)	4096	1024	3	0.855813955597	0.999393790666
2	3	2	(50, 50, 0)	4096	1024	4	0.94577693221	0.991072225705
2	3	2	(50, 50, 0)	4096	1024	5	0.88852488359	0.956654281171
2	3	2	(50, 50, 0)	4096	1024	6	0.906116346645	0.956134789481
2	3	2	(50, 50, 0)	4096	1024	7	1.10964427204	0.970906977023
2	3	2	(50, 50, 0)	4096	1024	8	0.950361067	0.905268074432
2	3	2	(50, 50, 0)	4096	1024	9	1.07706594198	0.978845813898
2	3	2	(50, 50, 0)	4096	1024	10	0.858264151587	0.955612328629
2	3	4	(25, 25, 50)	4096	1024	1	0.775769656403	0.936959631789
2	3	4	(25, 25, 50)	4096	1024	2	0.946819956979	0.93072782911
2	3	4	(25, 25, 50)	4096	1024	3	0.837494071339	0.918074526837
2	3	4	(25, 25, 50)	4096	1024	4	0.907442594789	0.940084627439
2	3	4	(25, 25, 50)	4096	1024	5	1.06329619571	0.934315262548
2	3	4	(25, 25, 50)	4096	1024	6	0.872805081199	1.02503820835
2	3	4	(25, 25, 50)	4096	1024	7	0.812664388989	0.951075575967
2	3	4	(25, 25, 50)	4096	1024	8	1.03151269031	1.04709791938
2	3	4	(25, 25, 50)	4096	1024	9	0.856891771293	0.976121202558
2	3	4	(25, 25, 50)	4096	1024	10	0.743586497148	0.975983896107
2	3	4	(20, 10, 70)	4096	1024	1	0.835357870133	0.989524458139
2	3	4	(20, 10, 70)	4096	1024	2	0.979848211754	0.992386843166
2	3	4	(20, 10, 70)	4096	1024	3	1.02661358455	0.984383913044
2	3	4	(20, 10, 70)	4096	1024	4	0.922580980774	0.996701392849
2	3	4	(20, 10, 70)	4096	1024	5	0.927680057877	0.954849934962
2	3	4	(20, 10, 70)	4096	1024	6	0.866272971683	0.992926098505
2	3	4	(20, 10, 70)	4096	1024	7	0.858603583252	0.995484845821
2	3	4	(20, 10, 70)	4096	1024	8	0.880778341221	0.994931649234
2	3	4	(20, 10, 70)	4096	1024	9	1.07147479573	0.960126556498
2	3	4	(20, 10, 70)	4096	1024	10	0.848282651853	0.960338390379
2	3	4	(50, 50, 0)	4096	1024	1	1.03957184081	0.986607428467
2	3	4	(50, 50, 0)	4096	1024	2	0.9526122337	1.01443523664
2	3	4	(50, 50, 0)	4096	1024	3	1.07102600221	0.879113456153
2	3	4	(50, 50, 0)	4096	1024	4	1.06008048095	0.980861158219
2	3	4	(50, 50, 0)	4096	1024	5	0.451388878411	0.993996540981
2	3	4	(50, 50, 0)	4096	1024	6	1.02482817908	1.00368239358
2	3	4	(50, 50, 0)	4096	1024	7	1.21932165636	1.01791333429
2	3	4	(50, 50, 0)	4096	1024	8	1.2879243895	0.908409975666
2	3	4	(50, 50, 0)	4096	1024	9	0.864842222578	0.966325427888
2	3	4	(50, 50, 0)	4096	1024	10	0.953493809084	0.999917633558
2	4	2	(25, 25, 50)	4096	1024	1	1.10708476265	0.952169716842
2	4	2	(25, 25, 50)	4096	1024	2	0.84024207873	0.963594049654
2	4	2	(25, 25, 50)	4096	1024	3	0.816212014502	0.979351944825
2	4	2	(25, 25, 50)	4096	1024	4	0.684675960657	0.961043449883
2	4	2	(25, 25, 50)	4096	1024	5	0.787956616577	0.801784766865
2	4	2	(25, 25, 50)	4096	1024	6	0.831934827644	0.925298027838
2	4	2	(25, 25, 50)	4096	1024	7	0.88738139662	0.938360978623
2	4	2	(25, 25, 50)	4096	1024	8	0.940910749515	0.978049789971
2	4	2	(25, 25, 50)	4096	1024	9	1.03238406273	0.965724681374
2	4	2	(25, 25, 50)	4096	1024	10	0.818524471258	1.00400182801
2	4	2	(20, 10, 70)	4096	1024	1	1.11397701001	0.906985768804
2	4	2	(20, 10, 70)	4096	1024	2	0.874927290289	0.794057857738
2	4	2	(20, 10, 70)	4096	1024	3	0.965569349248	1.03131270942
2	4	2	(20, 10, 70)	4096	1024	4	0.819047795795	0.96090220758
2	4	2	(20, 10, 70)	4096	1024	5	0.953296115797	0.823999208429
2	4	2	(20, 10, 70)	4096	1024	6	1.02336378181	0.927752250762
2	4	2	(20, 10, 70)	4096	1024	7	0.678589760725	0.948958829871
2	4	2	(20, 10, 70)	4096	1024	8	1.02396449271	1.03631622036
2	4	2	(20, 10, 70)	4096	1024	9	0.843963958949	0.963895145876
2	4	2	(20, 10, 70)	4096	1024	10	0.792467391336	1.01317638965
2	4	2	(50, 50, 0)	4096	1024	1	0.323880388684	0.956431014776
2	4	2	(50, 50, 0)	4096	1024	2	0.913699593116	1.02066814971
2	4	2	(50, 50, 0)	4096	1024	3	0.223153333167	0.996957298297
2	4	2	(50, 50, 0)	4096	1024	4	0.986180496879	0.990898228633
2	4	2	(50, 50, 0)	4096	1024	5	0.909436807868	0.937293491868
2	4	2	(50, 50, 0)	4096	1024	6	0.858635502252	0.964718608166
2	4	2	(50, 50, 0)	4096	1024	7	0.824449917646	0.947466265941
2	4	2	(50, 50, 0)	4096	1024	8	0.90212169659	1.02023344697
2	4	2	(50, 50, 0)	4096	1024	9	0.955841451617	0.978129224597
2	4	2	(50, 50, 0)	4096	1024	10	0.936459144827	0.931379367405
2	4	4	(25, 25, 50)	4096	1024	1	0.871115738105	0.960593779605
2	4	4	(25, 25, 50)	4096	1024	2	0.864725875319	0.934923125745
2	4	4	(25, 25, 50)	4096	1024	3	1.3694540414	0.990119754728
2	4	4	(25, 25, 50)	4096	1024	4	0.994841783499	0.962265322002
2	4	4	(25, 25, 50)	4096	1024	5	0.932691986543	0.954033677483
2	4	4	(25, 25, 50)	4096	1024	6	0.868690085	0.919500363434
2	4	4	(25, 25, 50)	4096	1024	7	1.10232463552	0.950779330501
2	4	4	(25, 25, 50)	4096	1024	8	0.813324449356	0.920210606035
2	4	4	(25, 25, 50)	4096	1024	9	0.925353066208	0.980042570066
2	4	4	(25, 25, 50)	4096	1024	10	0.868879602041	0.684544295127
2	4	4	(20, 10, 70)	4096	1024	1	1.06724873592	1.0090391674
2	4	4	(20, 10, 70)	4096	1024	2	0.922687637246	1.03701875437
2	4	4	(20, 10, 70)	4096	1024	3	0.856331600197	0.959634488588
2	4	4	(20, 10, 70)	4096	1024	4	1.02733896209	1.01157900701
2	4	4	(20, 10, 70)	4096	1024	5	0.91170064905	1.01714904286
2	4	4	(20, 10, 70)	4096	1024	6	1.25812190225	1.00284696375
2	4	4	(20, 10, 70)	4096	1024	7	0.835460719794	0.956117638624
2	4	4	(20, 10, 70)	4096	1024	8	0.950578793186	0.927543964624
2	4	4	(20, 10, 70)	4096	1024	9	0.954196419228	1.0108022801
2	4	4	(20, 10, 70)	4096	1024	10	0.828146841477	0.974899842463
2	4	4	(50, 50, 0)	4096	1024	1	0.343172848544	0.942665373739
2	4	4	(50, 50, 0)	4096	1024	2	0.613153634979	1.00172093295
2	4	4	(50, 50, 0)	4096	1024	3	0.951526800976	0.976231289631
2	4	4	(50, 50, 0)	4096	1024	4	0.889138310648	1.01252132085
2	4	4	(50, 50, 0)	4096	1024	5	0.988732815606	0.973644178196
2	4	4	(50, 50, 0)	4096	1024	6	0.746033801127	1.00732294968
2	4	4	(50, 50, 0)	4096	1024	7	1.02730346691	1.02702590145
2	4	4	(50, 50, 0)	4096	1024	8	0.573139487204	0.995628605499
2	4	4	(50, 50, 0)	4096	1024	9	0.872754027273	0.947835984833
2	4	4	(50, 50, 0)	4096	1024	10	0.473838760195	0.998094051096
2	5	2	(25, 25, 50)	4096	1024	1	0.834699771728	0.938819846235
2	5	2	(25, 25, 50)	4096	1024	2	0.849940196173	0.91025700474
2	5	2	(25, 25, 50)	4096	1024	3	0.761632347974	0.917530275932
2	5	2	(25, 25, 50)	4096	1024	4	0.924927441143	0.972019684174
2	5	2	(25, 25, 50)	4096	1024	5	1.17579094129	0.920315941363
2	5	2	(25, 25, 50)	4096	1024	6	0.808809269897	0.978776279203
2	5	2	(25, 25, 50)	4096	1024	7	0.893954481342	0.937642709472
2	5	2	(25, 25, 50)	4096	1024	8	0.929141923271	0.93705939338
2	5	2	(25, 25, 50)	4096	1024	9	0.891534727919	0.951281049897
2	5	2	(25, 25, 50)	4096	1024	10	0.788202878591	0.753424205026
2	5	2	(20, 10, 70)	4096	1024	1	0.999032376888	0.917705661563
2	5	2	(20, 10, 70)	4096	1024	2	0.912311660732	0.808008271654
2	5	2	(20, 10, 70)	4096	1024	3	0.883995971907	0.934048725842
2	5	2	(20, 10, 70)	4096	1024	4	0.775425396483	0.967093799938
2	5	2	(20, 10, 70)	4096	1024	5	0.863495573914	0.928656210404
2	5	2	(20, 10, 70)	4096	1024	6	0.77177563572	1.00336896726
2	5	2	(20, 10, 70)	4096	1024	7	0.932233741975	0.966689381867
2	5	2	(20, 10, 70)	4096	1024	8	0.858671272995	0.816684624933
2	5	2	(20, 10, 70)	4096	1024	9	0.828670639535	0.823506088481
2	5	2	(20, 10, 70)	4096	1024	10	0.872832545877	0.955398817453
2	5	2	(50, 50, 0)	4096	1024	1	0.908270783109	0.976503074951
2	5	2	(50, 50, 0)	4096	1024	2	0.764220837979	0.954302443364
2	5	2	(50, 50, 0)	4096	1024	3	0.951570147126	0.956225597357
2	5	2	(50, 50, 0)	4096	1024	4	0.896398262527	0.900718170034
2	5	2	(50, 50, 0)	4096	1024	5	0.836941868491	0.997954585296
2	5	2	(50, 50, 0)	4096	1024	6	0.843575096427	0.938641735217
2	5	2	(50, 50, 0)	4096	1024	7	1.00032243458	0.936579195332
2	5	2	(50, 50, 0)	4096	1024	8	0.373261623002	0.969742762572
2	5	2	(50, 50, 0)	4096	1024	9	0.423619853758	0.969098791024
2	5	2	(50, 50, 0)	4096	1024	10	0.787809209263	0.977825240027
2	5	4	(25, 25, 50)	4096	1024	1	1.07215820752	0.946471895105
2	5	4	(25, 25, 50)	4096	1024	2	0.8745664884	1.09726453704
2	5	4	(25, 25, 50)	4096	1024	3	1.03602055545	1.0015704177
2	5	4	(25, 25, 50)	4096	1024	4	0.887014278885	0.913665988085
2	5	4	(25, 25, 50)	4096	1024	5	0.89863467296	0.983190141202
2	5	4	(25, 25, 50)	4096	1024	6	0.952435146289	1.03600990358
2	5	4	(25, 25, 50)	4096	1024	7	0.98358063795	0.951779453442
2	5	4	(25, 25, 50)	4096	1024	8	0.94588693168	0.959886929061
2	5	4	(25, 25, 50)	4096	1024	9	0.918947714853	0.995049446133
2	5	4	(25, 25, 50)	4096	1024	10	0.853626865694	1.00422290781
2	5	4	(20, 10, 70)	4096	1024	1	0.865369953112	0.9954520056
2	5	4	(20, 10, 70)	4096	1024	2	1.0099605268	0.964238583068
2	5	4	(20, 10, 70)	4096	1024	3	0.981852171651	1.00463720199
2	5	4	(20, 10, 70)	4096	1024	4	0.856113758339	0.956798735235
2	5	4	(20, 10, 70)	4096	1024	5	0.799320474026	1.01622586861
2	5	4	(20, 10, 70)	4096	1024	6	0.889672479366	1.01344764066
2	5	4	(20, 10, 70)	4096	1024	7	0.981160929628	1.00839062675
2	5	4	(20, 10, 70)	4096	1024	8	0.906039577814	0.925919432161
2	5	4	(20, 10, 70)	4096	1024	9	0.850068706968	0.999129813844
2	5	4	(20, 10, 70)	4096	1024	10	0.845630381505	0.959704905409
2	5	4	(50, 50, 0)	4096	1024	1	0.893069242814	0.962573102696
2	5	4	(50, 50, 0)	4096	1024	2	0.917799599202	0.973660771334
2	5	4	(50, 50, 0)	4096	1024	3	1.00085819779	0.999266739891
2	5	4	(50, 50, 0)	4096	1024	4	0.951671165419	1.03294840313
2	5	4	(50, 50, 0)	4096	1024	5	0.904396366757	0.95275194124
2	5	4	(50, 50, 0)	4096	1024	6	0.962093317456	0.979574226916
2	5	4	(50, 50, 0)	4096	1024	7	0.934209469531	0.991736196813
2	5	4	(50, 50, 0)	4096	1024	8	0.950706764394	1.026673422
2	5	4	(50, 50, 0)	4096	1024	9	0.652529490338	1.02246405392
2	5	4	(50, 50, 0)	4096	1024	10	0.899310418964	0.975535000873
2	6	2	(25, 25, 50)	4096	1024	1	0.948273482887	0.970811207319
2	6	2	(25, 25, 50)	4096	1024	2	0.967476408901	0.894983980047
2	6	2	(25, 25, 50)	4096	1024	3	0.959307331596	0.953539915279
2	6	2	(25, 25, 50)	4096	1024	4	0.813086112435	1.02569978465
2	6	2	(25, 25, 50)	4096	1024	5	0.88800610282	0.951802412862
2	6	2	(25, 25, 50)	4096	1024	6	0.923398925234	0.892819772132
2	6	2	(25, 25, 50)	4096	1024	7	0.839222765519	0.965135689494
2	6	2	(25, 25, 50)	4096	1024	8	0.940363264456	0.952951721486
2	6	2	(25, 25, 50)	4096	1024	9	0.869264794586	0.928459975115
2	6	2	(25, 25, 50)	4096	1024	10	0.877187219784	0.933757790032
2	6	2	(20, 10, 70)	4096	1024	1	1.02099122367	0.969314874326
2	6	2	(20, 10, 70)	4096	1024	2	1.11247135491	0.940999916389
2	6	2	(20, 10, 70)	4096	1024	3	0.842583089728	1.00971980755
2	6	2	(20, 10, 70)	4096	1024	4	0.971769472296	1.02737227056
2	6	2	(20, 10, 70)	4096	1024	5	1.01952739503	0.912027013296
2	6	2	(20, 10, 70)	4096	1024	6	1.06418992372	1.02176568179
2	6	2	(20, 10, 70)	4096	1024	7	1.01838710418	1.02355193695
2	6	2	(20, 10, 70)	4096	1024	8	0.84427321377	0.951749671095
2	6	2	(20, 10, 70)	4096	1024	9	0.81288946561	0.93358489213
2	6	2	(20, 10, 70)	4096	1024	10	0.929245673755	0.946022795503
2	6	2	(50, 50, 0)	4096	1024	1	0.893846352311	0.937193355648
2	6	2	(50, 50, 0)	4096	1024	2	0.771847846902	0.97922392912
2	6	2	(50, 50, 0)	4096	1024	3	0.942708046944	0.95076587375
2	6	2	(50, 50, 0)	4096	1024	4	1.03892298961	0.980257529229
2	6	2	(50, 50, 0)	4096	1024	5	0.915609385453	0.89833347757
2	6	2	(50, 50, 0)	4096	1024	6	0.940372087168	0.966230618916
2	6	2	(50, 50, 0)	4096	1024	7	0.85276074561	0.91525554871
2	6	2	(50, 50, 0)	4096	1024	8	0.652009085464	0.980091323738
2	6	2	(50, 50, 0)	4096	1024	9	0.987573563629	0.940626242414
2	6	2	(50, 50, 0)	4096	1024	10	0.952193272717	0.969733290227
2	6	4	(25, 25, 50)	4096	1024	1	1.01539920203	0.91674854409
2	6	4	(25, 25, 50)	4096	1024	2	0.899472409717	0.98895749965
2	6	4	(25, 25, 50)	4096	1024	3	1.0243535562	0.985866932749
2	6	4	(25, 25, 50)	4096	1024	4	0.924516616194	0.967219341799
2	6	4	(25, 25, 50)	4096	1024	5	0.931053933583	0.957885891323
2	6	4	(25, 25, 50)	4096	1024	6	1.01579614245	0.968065394092
2	6	4	(25, 25, 50)	4096	1024	7	0.950944029374	1.02346257311
2	6	4	(25, 25, 50)	4096	1024	8	0.953917240045	0.766865658411
2	6	4	(25, 25, 50)	4096	1024	9	0.886081157472	0.965535637784
2	6	4	(25, 25, 50)	4096	1024	10	0.915410963429	0.987733020479
2	6	4	(20, 10, 70)	4096	1024	1	0.956247190014	1.00192597411
2	6	4	(20, 10, 70)	4096	1024	2	1.06166641659	1.0722822023
2	6	4	(20, 10, 70)	4096	1024	3	0.930711317828	1.04399358924
2	6	4	(20, 10, 70)	4096	1024	4	0.904043717391	0.992071856219
2	6	4	(20, 10, 70)	4096	1024	5	0.955403856498	1.0106074855
2	6	4	(20, 10, 70)	4096	1024	6	0.921262263922	1.01111529434
2	6	4	(20, 10, 70)	4096	1024	7	1.23838520142	0.94629674017
2	6	4	(20, 10, 70)	4096	1024	8	0.855680765503	0.940476767605
2	6	4	(20, 10, 70)	4096	1024	9	1.18784360278	0.950959864354
2	6	4	(20, 10, 70)	4096	1024	10	1.08459387127	0.998038683584
2	6	4	(50, 50, 0)	4096	1024	1	0.932303223993	1.03282336776
2	6	4	(50, 50, 0)	4096	1024	2	0.96996825107	0.980392792037
2	6	4	(50, 50, 0)	4096	1024	3	0.98550805789	0.960033728178
2	6	4	(50, 50, 0)	4096	1024	4	1.03592477196	1.00343978572
2	6	4	(50, 50, 0)	4096	1024	5	1.02471156108	0.987993292304
2	6	4	(50, 50, 0)	4096	1024	6	1.00742656323	1.00107505339
2	6	4	(50, 50, 0)	4096	1024	7	0.681778913886	0.986324093907
2	6	4	(50, 50, 0)	4096	1024	8	0.97469567021	0.966008016353
2	6	4	(50, 50, 0)	4096	1024	9	0.950236608736	0.943912316194
2	6	4	(50, 50, 0)	4096	1024	10	1.02093663655	0.960279566287
2	7	2	(25, 25, 50)	4096	1024	1	0.882219770698	0.890398137289
2	7	2	(25, 25, 50)	4096	1024	2	0.814296523013	0.89409642608
2	7	2	(25, 25, 50)	4096	1024	3	0.932863569148	0.910637610667
2	7	2	(25, 25, 50)	4096	1024	4	0.873368917903	0.935236166245
2	7	2	(25, 25, 50)	4096	1024	5	0.9694606462	0.940450387089
2	7	2	(25, 25, 50)	4096	1024	6	0.930484286321	0.88307417719
2	7	2	(25, 25, 50)	4096	1024	7	1.02464509642	0.860039818807
2	7	2	(25, 25, 50)	4096	1024	8	0.915759502888	0.803731859874
2	7	2	(25, 25, 50)	4096	1024	9	1.00041768802	0.907219096526
2	7	2	(25, 25, 50)	4096	1024	10	0.882425862736	0.826650195168
2	7	2	(20, 10, 70)	4096	1024	1	0.878234302911	0.916771376093
2	7	2	(20, 10, 70)	4096	1024	2	0.906871917362	0.951369817902
2	7	2	(20, 10, 70)	4096	1024	3	1.09196226059	0.930732942726
2	7	2	(20, 10, 70)	4096	1024	4	0.855579430425	0.923142980328
2	7	2	(20, 10, 70)	4096	1024	5	0.86132606248	0.883128564777
2	7	2	(20, 10, 70)	4096	1024	6	0.883460026503	0.948359177809
2	7	2	(20, 10, 70)	4096	1024	7	0.866329994707	0.895415757264
2	7	2	(20, 10, 70)	4096	1024	8	0.804032247282	0.946994543409
2	7	2	(20, 10, 70)	4096	1024	9	0.944900518236	0.932149091044
2	7	2	(20, 10, 70)	4096	1024	10	0.870689493601	0.866375530919
2	7	2	(50, 50, 0)	4096	1024	1	0.916866175934	0.897391934876
2	7	2	(50, 50, 0)	4096	1024	2	0.320314109188	0.923941073623
2	7	2	(50, 50, 0)	4096	1024	3	0.781162783542	0.940534380809
2	7	2	(50, 50, 0)	4096	1024	4	0.154434248761	0.952336086763
2	7	2	(50, 50, 0)	4096	1024	5	0.874348215367	0.909536038233
2	7	2	(50, 50, 0)	4096	1024	6	0.327760225891	0.924909415249
2	7	2	(50, 50, 0)	4096	1024	7	0.689128694105	0.905281630051
2	7	2	(50, 50, 0)	4096	1024	8	0.426295344163	0.94643177139
2	7	2	(50, 50, 0)	4096	1024	9	0.751603680154	0.885677604311
2	7	2	(50, 50, 0)	4096	1024	10	0.80080197156	0.884824679591
2	7	4	(25, 25, 50)	4096	1024	1	0.917392130442	0.939176825463
2	7	4	(25, 25, 50)	4096	1024	2	0.859119649598	0.903262748055
2	7	4	(25, 25, 50)	4096	1024	3	1.04355434299	1.00139802764
2	7	4	(25, 25, 50)	4096	1024	4	1.18772396135	0.962987813611
2	7	4	(25, 25, 50)	4096	1024	5	0.874435582561	0.969682319497
2	7	4	(25, 25, 50)	4096	1024	6	1.01808585425	0.957594087936
2	7	4	(25, 25, 50)	4096	1024	7	0.916262488245	0.960004942127
2	7	4	(25, 25, 50)	4096	1024	8	0.851677230026	0.900444161185
2	7	4	(25, 25, 50)	4096	1024	9	0.961293706782	0.932883278873
2	7	4	(25, 25, 50)	4096	1024	10	0.862879761677	0.957150209157
2	7	4	(20, 10, 70)	4096	1024	1	0.866396284484	0.971870194006
2	7	4	(20, 10, 70)	4096	1024	2	1.02448218344	0.989329577311
2	7	4	(20, 10, 70)	4096	1024	3	0.907881554598	0.919151687419
2	7	4	(20, 10, 70)	4096	1024	4	0.847157642655	0.853879049057
2	7	4	(20, 10, 70)	4096	1024	5	0.930296560463	0.972429092154
2	7	4	(20, 10, 70)	4096	1024	6	0.898439338239	0.946323877499
2	7	4	(20, 10, 70)	4096	1024	7	0.857363921744	0.968179296077
2	7	4	(20, 10, 70)	4096	1024	8	0.846818952669	0.959042963035
2	7	4	(20, 10, 70)	4096	1024	9	0.94406316626	0.941541134053
2	7	4	(20, 10, 70)	4096	1024	10	0.851794262697	0.944241434923
2	7	4	(50, 50, 0)	4096	1024	1	0.832966656124	0.950062647665
2	7	4	(50, 50, 0)	4096	1024	2	0.476239267749	0.931769485775
2	7	4	(50, 50, 0)	4096	1024	3	0.81978147319	0.938776576324
2	7	4	(50, 50, 0)	4096	1024	4	0.902088972334	0.941669679563
2	7	4	(50, 50, 0)	4096	1024	5	0.882577133692	0.897272897248
2	7	4	(50, 50, 0)	4096	1024	6	0.827355164139	0.922606736086
2	7	4	(50, 50, 0)	4096	1024	7	0.918565242891	0.955312966454
2	7	4	(50, 50, 0)	4096	1024	8	0.912259643252	0.947100612534
2	7	4	(50, 50, 0)	4096	1024	9	0.880023939168	0.912162481775
2	7	4	(50, 50, 0)	4096	1024	10	0.603101588066	0.976653445727
